{
 "cells": [
  {
   "cell_type": "code",
   "execution_count": 1,
   "metadata": {},
   "outputs": [],
   "source": [
    "import pandas as pd\n",
    "import plotly.express as px\n",
    "import seaborn as sns"
   ]
  },
  {
   "cell_type": "code",
   "execution_count": 2,
   "metadata": {},
   "outputs": [],
   "source": [
    "train_df=pd.read_csv(\"../../Data/Training_data.csv\")"
   ]
  },
  {
   "cell_type": "code",
   "execution_count": 3,
   "metadata": {},
   "outputs": [
    {
     "data": {
      "text/html": [
       "<div>\n",
       "<style scoped>\n",
       "    .dataframe tbody tr th:only-of-type {\n",
       "        vertical-align: middle;\n",
       "    }\n",
       "\n",
       "    .dataframe tbody tr th {\n",
       "        vertical-align: top;\n",
       "    }\n",
       "\n",
       "    .dataframe thead th {\n",
       "        text-align: right;\n",
       "    }\n",
       "</style>\n",
       "<table border=\"1\" class=\"dataframe\">\n",
       "  <thead>\n",
       "    <tr style=\"text-align: right;\">\n",
       "      <th></th>\n",
       "      <th>Unnamed: 0.1</th>\n",
       "      <th>Unnamed: 0</th>\n",
       "      <th>Loan_ID</th>\n",
       "      <th>Married</th>\n",
       "      <th>Dependents</th>\n",
       "      <th>Education</th>\n",
       "      <th>Self_Employed</th>\n",
       "      <th>ApplicantIncome</th>\n",
       "      <th>CoapplicantIncome</th>\n",
       "      <th>LoanAmount</th>\n",
       "      <th>Loan_Amount_Term</th>\n",
       "      <th>Credit_History</th>\n",
       "      <th>Loan_Status</th>\n",
       "      <th>Gender_Female</th>\n",
       "      <th>Gender_Male</th>\n",
       "      <th>Gender_Other</th>\n",
       "      <th>Property_Area_Rural</th>\n",
       "      <th>Property_Area_Semiurban</th>\n",
       "      <th>Property_Area_Urban</th>\n",
       "      <th>hasCoapplicant</th>\n",
       "    </tr>\n",
       "  </thead>\n",
       "  <tbody>\n",
       "    <tr>\n",
       "      <th>0</th>\n",
       "      <td>0</td>\n",
       "      <td>0</td>\n",
       "      <td>LP001002</td>\n",
       "      <td>False</td>\n",
       "      <td>0.0</td>\n",
       "      <td>True</td>\n",
       "      <td>False</td>\n",
       "      <td>5849</td>\n",
       "      <td>0.0</td>\n",
       "      <td>128.0</td>\n",
       "      <td>360.0</td>\n",
       "      <td>True</td>\n",
       "      <td>True</td>\n",
       "      <td>False</td>\n",
       "      <td>True</td>\n",
       "      <td>False</td>\n",
       "      <td>False</td>\n",
       "      <td>False</td>\n",
       "      <td>True</td>\n",
       "      <td>False</td>\n",
       "    </tr>\n",
       "    <tr>\n",
       "      <th>1</th>\n",
       "      <td>1</td>\n",
       "      <td>1</td>\n",
       "      <td>LP001003</td>\n",
       "      <td>True</td>\n",
       "      <td>1.0</td>\n",
       "      <td>True</td>\n",
       "      <td>False</td>\n",
       "      <td>4583</td>\n",
       "      <td>1508.0</td>\n",
       "      <td>128.0</td>\n",
       "      <td>360.0</td>\n",
       "      <td>True</td>\n",
       "      <td>False</td>\n",
       "      <td>False</td>\n",
       "      <td>True</td>\n",
       "      <td>False</td>\n",
       "      <td>True</td>\n",
       "      <td>False</td>\n",
       "      <td>False</td>\n",
       "      <td>True</td>\n",
       "    </tr>\n",
       "    <tr>\n",
       "      <th>2</th>\n",
       "      <td>2</td>\n",
       "      <td>2</td>\n",
       "      <td>LP001005</td>\n",
       "      <td>True</td>\n",
       "      <td>0.0</td>\n",
       "      <td>True</td>\n",
       "      <td>True</td>\n",
       "      <td>3000</td>\n",
       "      <td>0.0</td>\n",
       "      <td>66.0</td>\n",
       "      <td>360.0</td>\n",
       "      <td>True</td>\n",
       "      <td>True</td>\n",
       "      <td>False</td>\n",
       "      <td>True</td>\n",
       "      <td>False</td>\n",
       "      <td>False</td>\n",
       "      <td>False</td>\n",
       "      <td>True</td>\n",
       "      <td>False</td>\n",
       "    </tr>\n",
       "    <tr>\n",
       "      <th>3</th>\n",
       "      <td>3</td>\n",
       "      <td>3</td>\n",
       "      <td>LP001006</td>\n",
       "      <td>True</td>\n",
       "      <td>0.0</td>\n",
       "      <td>False</td>\n",
       "      <td>False</td>\n",
       "      <td>2583</td>\n",
       "      <td>2358.0</td>\n",
       "      <td>120.0</td>\n",
       "      <td>360.0</td>\n",
       "      <td>True</td>\n",
       "      <td>True</td>\n",
       "      <td>False</td>\n",
       "      <td>True</td>\n",
       "      <td>False</td>\n",
       "      <td>False</td>\n",
       "      <td>False</td>\n",
       "      <td>True</td>\n",
       "      <td>True</td>\n",
       "    </tr>\n",
       "    <tr>\n",
       "      <th>4</th>\n",
       "      <td>4</td>\n",
       "      <td>4</td>\n",
       "      <td>LP001008</td>\n",
       "      <td>False</td>\n",
       "      <td>0.0</td>\n",
       "      <td>True</td>\n",
       "      <td>False</td>\n",
       "      <td>6000</td>\n",
       "      <td>0.0</td>\n",
       "      <td>141.0</td>\n",
       "      <td>360.0</td>\n",
       "      <td>True</td>\n",
       "      <td>True</td>\n",
       "      <td>False</td>\n",
       "      <td>True</td>\n",
       "      <td>False</td>\n",
       "      <td>False</td>\n",
       "      <td>False</td>\n",
       "      <td>True</td>\n",
       "      <td>False</td>\n",
       "    </tr>\n",
       "  </tbody>\n",
       "</table>\n",
       "</div>"
      ],
      "text/plain": [
       "   Unnamed: 0.1  Unnamed: 0   Loan_ID  Married  Dependents  Education  \\\n",
       "0             0           0  LP001002    False         0.0       True   \n",
       "1             1           1  LP001003     True         1.0       True   \n",
       "2             2           2  LP001005     True         0.0       True   \n",
       "3             3           3  LP001006     True         0.0      False   \n",
       "4             4           4  LP001008    False         0.0       True   \n",
       "\n",
       "   Self_Employed  ApplicantIncome  CoapplicantIncome  LoanAmount  \\\n",
       "0          False             5849                0.0       128.0   \n",
       "1          False             4583             1508.0       128.0   \n",
       "2           True             3000                0.0        66.0   \n",
       "3          False             2583             2358.0       120.0   \n",
       "4          False             6000                0.0       141.0   \n",
       "\n",
       "   Loan_Amount_Term  Credit_History  Loan_Status  Gender_Female  Gender_Male  \\\n",
       "0             360.0            True         True          False         True   \n",
       "1             360.0            True        False          False         True   \n",
       "2             360.0            True         True          False         True   \n",
       "3             360.0            True         True          False         True   \n",
       "4             360.0            True         True          False         True   \n",
       "\n",
       "   Gender_Other  Property_Area_Rural  Property_Area_Semiurban  \\\n",
       "0         False                False                    False   \n",
       "1         False                 True                    False   \n",
       "2         False                False                    False   \n",
       "3         False                False                    False   \n",
       "4         False                False                    False   \n",
       "\n",
       "   Property_Area_Urban  hasCoapplicant  \n",
       "0                 True           False  \n",
       "1                False            True  \n",
       "2                 True           False  \n",
       "3                 True            True  \n",
       "4                 True           False  "
      ]
     },
     "execution_count": 3,
     "metadata": {},
     "output_type": "execute_result"
    }
   ],
   "source": [
    "train_df.head()"
   ]
  },
  {
   "cell_type": "code",
   "execution_count": 4,
   "metadata": {},
   "outputs": [
    {
     "data": {
      "text/plain": [
       "Index(['Unnamed: 0.1', 'Unnamed: 0', 'Loan_ID', 'Married', 'Dependents',\n",
       "       'Education', 'Self_Employed', 'ApplicantIncome', 'CoapplicantIncome',\n",
       "       'LoanAmount', 'Loan_Amount_Term', 'Credit_History', 'Loan_Status',\n",
       "       'Gender_Female', 'Gender_Male', 'Gender_Other', 'Property_Area_Rural',\n",
       "       'Property_Area_Semiurban', 'Property_Area_Urban', 'hasCoapplicant'],\n",
       "      dtype='object')"
      ]
     },
     "execution_count": 4,
     "metadata": {},
     "output_type": "execute_result"
    }
   ],
   "source": [
    "train_df.columns"
   ]
  },
  {
   "cell_type": "code",
   "execution_count": 10,
   "metadata": {},
   "outputs": [
    {
     "data": {
      "application/vnd.plotly.v1+json": {
       "config": {
        "plotlyServerURL": "https://plot.ly"
       },
       "data": [
        {
         "coloraxis": "coloraxis",
         "hovertemplate": "x: %{x}<br>y: %{y}<br>color: %{z}<extra></extra>",
         "name": "0",
         "texttemplate": "%{z}",
         "type": "heatmap",
         "x": [
          "Married",
          "Dependents",
          "Education",
          "Self_Employed",
          "ApplicantIncome",
          "CoapplicantIncome",
          "LoanAmount",
          "Loan_Amount_Term",
          "Credit_History",
          "Loan_Status",
          "Gender_Female",
          "Gender_Male",
          "Gender_Other",
          "Property_Area_Rural",
          "Property_Area_Semiurban",
          "Property_Area_Urban",
          "hasCoapplicant"
         ],
         "xaxis": "x",
         "y": [
          "Married",
          "Dependents",
          "Education",
          "Self_Employed",
          "ApplicantIncome",
          "CoapplicantIncome",
          "LoanAmount",
          "Loan_Amount_Term",
          "Credit_History",
          "Loan_Status",
          "Gender_Female",
          "Gender_Male",
          "Gender_Other",
          "Property_Area_Rural",
          "Property_Area_Semiurban",
          "Property_Area_Urban",
          "hasCoapplicant"
         ],
         "yaxis": "y",
         "z": [
          [
           1,
           0.3342156157061142,
           -0.012304382757047552,
           -0.021583683105180048,
           0.05170837562185545,
           0.07594767166668798,
           0.14654570094795893,
           -0.10091179393444104,
           0.010938087779501305,
           0.09147782473606048,
           -0.364568595157644,
           0.33681825227914824,
           0.03588465985342395,
           -0.006805497066597734,
           0.005845414949843076,
           0.0005455964689103537,
           0.33254324972099375
          ],
          [
           0.3342156157061142,
           1,
           -0.05575169758525387,
           0.04214210158126646,
           0.11820185576077524,
           0.030429966717901685,
           0.163102754428331,
           -0.10386412268809753,
           -0.040159801195068706,
           0.010118454497004598,
           -0.17291418469424905,
           0.14849994572051534,
           0.04849330523768225,
           -0.0008157820431454792,
           0.0019235969397650484,
           -0.0011976106609923208,
           0.007127467660986954
          ],
          [
           -0.012304382757047552,
           -0.05575169758525387,
           1,
           0.01905879168174978,
           0.14076027561439775,
           0.06228982561819103,
           0.16875909051627083,
           0.07392786056480714,
           0.0736577827752733,
           0.08588391467536527,
           0.04536390979706781,
           -0.06149709078579435,
           0.05031844014056677,
           -0.07751962112239343,
           0.039410434881761096,
           0.03427916397939333,
           -0.06014435171483393
          ],
          [
           -0.021583683105180048,
           0.04214210158126646,
           0.01905879168174978,
           1,
           0.12135630676924336,
           0.028834040690313114,
           0.11210252604991278,
           -0.039740041895754606,
           0.04193196103629873,
           0.00585650885678316,
           0.02391775245012423,
           -0.03943992787622078,
           0.04615434763949428,
           0.02548761005729635,
           -0.010880856544192621,
           -0.01341560462717239,
           -0.07849612356424077
          ],
          [
           0.05170837562185545,
           0.11820185576077524,
           0.14076027561439775,
           0.12135630676924336,
           1,
           -0.11660458122889955,
           0.5651805176233123,
           -0.046531121839299014,
           -0.018615389223707195,
           -0.0047095226593515584,
           -0.05880897972216586,
           0.01393340356347373,
           0.1187870767767305,
           0.015829179740975436,
           -0.01424594560150332,
           -0.0005978499977315698,
           -0.2582422800499469
          ],
          [
           0.07594767166668798,
           0.030429966717901685,
           0.06228982561819103,
           0.028834040690313114,
           -0.11660458122889955,
           1,
           0.18921778196662536,
           -0.05938308792710458,
           0.011133917739935224,
           -0.059187313487850064,
           -0.08291207109150525,
           0.08231609850817953,
           -0.007824506652209294,
           0.005329339116031553,
           -0.02704357872478651,
           0.022775703815366314,
           0.4961303111650672
          ],
          [
           0.14654570094795893,
           0.163102754428331,
           0.16875909051627083,
           0.11210252604991278,
           0.5651805176233123,
           0.18921778196662536,
           1,
           0.03696026297885571,
           -0.0006073272487502419,
           -0.033214259717305204,
           -0.1069042865088233,
           0.06324480117066494,
           0.10987983152826801,
           0.04346672240754546,
           -0.005803676615521412,
           -0.0360499364513647,
           0.015499170677629116
          ],
          [
           -0.10091179393444104,
           -0.10386412268809753,
           0.07392786056480714,
           -0.039740041895754606,
           -0.046531121839299014,
           -0.05938308792710458,
           0.03696026297885571,
           1,
           -0.004704983284487817,
           -0.02254899350342277,
           0.07402955695274217,
           -0.07028750409950295,
           -0.0019920810960522097,
           0.0343210912431727,
           0.05914116201122619,
           -0.09427867741553055,
           0.022505238489301253
          ],
          [
           0.010938087779501305,
           -0.040159801195068706,
           0.0736577827752733,
           0.04193196103629873,
           -0.018615389223707195,
           0.011133917739935224,
           -0.0006073272487502419,
           -0.004704983284487817,
           1,
           0.5405560719222484,
           -0.009169852141934783,
           0.021612146019934147,
           -0.03585147303644134,
           -0.020905920164527223,
           0.03597583895156686,
           -0.016934211142743266,
           0.013297390579629214
          ],
          [
           0.09147782473606048,
           0.010118454497004598,
           0.08588391467536527,
           0.00585650885678316,
           -0.0047095226593515584,
           -0.059187313487850064,
           -0.033214259717305204,
           -0.02254899350342277,
           0.5405560719222484,
           1,
           -0.0179866787070322,
           0.025406874278536433,
           -0.022813721754526686,
           -0.10069395890300736,
           0.13654043156824347,
           -0.04362088263441967,
           0.07516484961604282
          ],
          [
           -0.364568595157644,
           -0.17291418469424905,
           0.04536390979706781,
           0.02391775245012423,
           -0.05880897972216586,
           -0.08291207109150525,
           -0.1069042865088233,
           0.07402955695274217,
           -0.009169852141934783,
           -0.0179866787070322,
           1,
           -0.9342359513254681,
           -0.06946908727733217,
           -0.08028345470353294,
           0.10862267070999936,
           -0.03452985309134903,
           -0.22237331723269402
          ],
          [
           0.33681825227914824,
           0.14849994572051534,
           -0.06149709078579435,
           -0.03943992787622078,
           0.01393340356347373,
           0.08231609850817953,
           0.06324480117066494,
           -0.07028750409950295,
           0.021612146019934147,
           0.025406874278536433,
           -0.9342359513254681,
           1,
           -0.29089339694469385,
           0.07512779263319956,
           -0.11306885067592354,
           0.044108774275980235,
           0.21506177163014178
          ],
          [
           0.03588465985342395,
           0.04849330523768225,
           0.05031844014056677,
           0.04615434763949428,
           0.1187870767767305,
           -0.007824506652209294,
           0.10987983152826801,
           -0.0019920810960522097,
           -0.03585147303644134,
           -0.022813721754526686,
           -0.06946908727733217,
           -0.29089339694469385,
           1,
           0.005230095923283871,
           0.024870925093103083,
           -0.030745591863960288,
           -0.005005717580351768
          ],
          [
           -0.006805497066597734,
           -0.0008157820431454792,
           -0.07751962112239343,
           0.02548761005729635,
           0.015829179740975436,
           0.005329339116031553,
           0.04346672240754546,
           0.0343210912431727,
           -0.020905920164527223,
           -0.10069395890300736,
           -0.08028345470353294,
           0.07512779263319956,
           0.005230095923283871,
           1,
           -0.5016460069852571,
           -0.4491681607182965,
           0.05472213755738176
          ],
          [
           0.005845414949843076,
           0.0019235969397650484,
           0.039410434881761096,
           -0.010880856544192621,
           -0.01424594560150332,
           -0.02704357872478651,
           -0.005803676615521412,
           0.05914116201122619,
           0.03597583895156686,
           0.13654043156824347,
           0.10862267070999936,
           -0.11306885067592354,
           0.024870925093103083,
           -0.5016460069852571,
           1,
           -0.5475736604235864,
           -0.016225312084150546
          ],
          [
           0.0005455964689103537,
           -0.0011976106609923208,
           0.03427916397939333,
           -0.01341560462717239,
           -0.0005978499977315698,
           0.022775703815366314,
           -0.0360499364513647,
           -0.09427867741553055,
           -0.016934211142743266,
           -0.04362088263441967,
           -0.03452985309134903,
           0.044108774275980235,
           -0.030745591863960288,
           -0.4491681607182965,
           -0.5475736604235864,
           1,
           -0.03617347684097923
          ],
          [
           0.33254324972099375,
           0.007127467660986954,
           -0.06014435171483393,
           -0.07849612356424077,
           -0.2582422800499469,
           0.4961303111650672,
           0.015499170677629116,
           0.022505238489301253,
           0.013297390579629214,
           0.07516484961604282,
           -0.22237331723269402,
           0.21506177163014178,
           -0.005005717580351768,
           0.05472213755738176,
           -0.016225312084150546,
           -0.03617347684097923,
           1
          ]
         ]
        }
       ],
       "layout": {
        "coloraxis": {
         "colorscale": [
          [
           0,
           "#0d0887"
          ],
          [
           0.1111111111111111,
           "#46039f"
          ],
          [
           0.2222222222222222,
           "#7201a8"
          ],
          [
           0.3333333333333333,
           "#9c179e"
          ],
          [
           0.4444444444444444,
           "#bd3786"
          ],
          [
           0.5555555555555556,
           "#d8576b"
          ],
          [
           0.6666666666666666,
           "#ed7953"
          ],
          [
           0.7777777777777778,
           "#fb9f3a"
          ],
          [
           0.8888888888888888,
           "#fdca26"
          ],
          [
           1,
           "#f0f921"
          ]
         ]
        },
        "height": 1500,
        "margin": {
         "t": 60
        },
        "template": {
         "data": {
          "bar": [
           {
            "error_x": {
             "color": "#2a3f5f"
            },
            "error_y": {
             "color": "#2a3f5f"
            },
            "marker": {
             "line": {
              "color": "#E5ECF6",
              "width": 0.5
             },
             "pattern": {
              "fillmode": "overlay",
              "size": 10,
              "solidity": 0.2
             }
            },
            "type": "bar"
           }
          ],
          "barpolar": [
           {
            "marker": {
             "line": {
              "color": "#E5ECF6",
              "width": 0.5
             },
             "pattern": {
              "fillmode": "overlay",
              "size": 10,
              "solidity": 0.2
             }
            },
            "type": "barpolar"
           }
          ],
          "carpet": [
           {
            "aaxis": {
             "endlinecolor": "#2a3f5f",
             "gridcolor": "white",
             "linecolor": "white",
             "minorgridcolor": "white",
             "startlinecolor": "#2a3f5f"
            },
            "baxis": {
             "endlinecolor": "#2a3f5f",
             "gridcolor": "white",
             "linecolor": "white",
             "minorgridcolor": "white",
             "startlinecolor": "#2a3f5f"
            },
            "type": "carpet"
           }
          ],
          "choropleth": [
           {
            "colorbar": {
             "outlinewidth": 0,
             "ticks": ""
            },
            "type": "choropleth"
           }
          ],
          "contour": [
           {
            "colorbar": {
             "outlinewidth": 0,
             "ticks": ""
            },
            "colorscale": [
             [
              0,
              "#0d0887"
             ],
             [
              0.1111111111111111,
              "#46039f"
             ],
             [
              0.2222222222222222,
              "#7201a8"
             ],
             [
              0.3333333333333333,
              "#9c179e"
             ],
             [
              0.4444444444444444,
              "#bd3786"
             ],
             [
              0.5555555555555556,
              "#d8576b"
             ],
             [
              0.6666666666666666,
              "#ed7953"
             ],
             [
              0.7777777777777778,
              "#fb9f3a"
             ],
             [
              0.8888888888888888,
              "#fdca26"
             ],
             [
              1,
              "#f0f921"
             ]
            ],
            "type": "contour"
           }
          ],
          "contourcarpet": [
           {
            "colorbar": {
             "outlinewidth": 0,
             "ticks": ""
            },
            "type": "contourcarpet"
           }
          ],
          "heatmap": [
           {
            "colorbar": {
             "outlinewidth": 0,
             "ticks": ""
            },
            "colorscale": [
             [
              0,
              "#0d0887"
             ],
             [
              0.1111111111111111,
              "#46039f"
             ],
             [
              0.2222222222222222,
              "#7201a8"
             ],
             [
              0.3333333333333333,
              "#9c179e"
             ],
             [
              0.4444444444444444,
              "#bd3786"
             ],
             [
              0.5555555555555556,
              "#d8576b"
             ],
             [
              0.6666666666666666,
              "#ed7953"
             ],
             [
              0.7777777777777778,
              "#fb9f3a"
             ],
             [
              0.8888888888888888,
              "#fdca26"
             ],
             [
              1,
              "#f0f921"
             ]
            ],
            "type": "heatmap"
           }
          ],
          "heatmapgl": [
           {
            "colorbar": {
             "outlinewidth": 0,
             "ticks": ""
            },
            "colorscale": [
             [
              0,
              "#0d0887"
             ],
             [
              0.1111111111111111,
              "#46039f"
             ],
             [
              0.2222222222222222,
              "#7201a8"
             ],
             [
              0.3333333333333333,
              "#9c179e"
             ],
             [
              0.4444444444444444,
              "#bd3786"
             ],
             [
              0.5555555555555556,
              "#d8576b"
             ],
             [
              0.6666666666666666,
              "#ed7953"
             ],
             [
              0.7777777777777778,
              "#fb9f3a"
             ],
             [
              0.8888888888888888,
              "#fdca26"
             ],
             [
              1,
              "#f0f921"
             ]
            ],
            "type": "heatmapgl"
           }
          ],
          "histogram": [
           {
            "marker": {
             "pattern": {
              "fillmode": "overlay",
              "size": 10,
              "solidity": 0.2
             }
            },
            "type": "histogram"
           }
          ],
          "histogram2d": [
           {
            "colorbar": {
             "outlinewidth": 0,
             "ticks": ""
            },
            "colorscale": [
             [
              0,
              "#0d0887"
             ],
             [
              0.1111111111111111,
              "#46039f"
             ],
             [
              0.2222222222222222,
              "#7201a8"
             ],
             [
              0.3333333333333333,
              "#9c179e"
             ],
             [
              0.4444444444444444,
              "#bd3786"
             ],
             [
              0.5555555555555556,
              "#d8576b"
             ],
             [
              0.6666666666666666,
              "#ed7953"
             ],
             [
              0.7777777777777778,
              "#fb9f3a"
             ],
             [
              0.8888888888888888,
              "#fdca26"
             ],
             [
              1,
              "#f0f921"
             ]
            ],
            "type": "histogram2d"
           }
          ],
          "histogram2dcontour": [
           {
            "colorbar": {
             "outlinewidth": 0,
             "ticks": ""
            },
            "colorscale": [
             [
              0,
              "#0d0887"
             ],
             [
              0.1111111111111111,
              "#46039f"
             ],
             [
              0.2222222222222222,
              "#7201a8"
             ],
             [
              0.3333333333333333,
              "#9c179e"
             ],
             [
              0.4444444444444444,
              "#bd3786"
             ],
             [
              0.5555555555555556,
              "#d8576b"
             ],
             [
              0.6666666666666666,
              "#ed7953"
             ],
             [
              0.7777777777777778,
              "#fb9f3a"
             ],
             [
              0.8888888888888888,
              "#fdca26"
             ],
             [
              1,
              "#f0f921"
             ]
            ],
            "type": "histogram2dcontour"
           }
          ],
          "mesh3d": [
           {
            "colorbar": {
             "outlinewidth": 0,
             "ticks": ""
            },
            "type": "mesh3d"
           }
          ],
          "parcoords": [
           {
            "line": {
             "colorbar": {
              "outlinewidth": 0,
              "ticks": ""
             }
            },
            "type": "parcoords"
           }
          ],
          "pie": [
           {
            "automargin": true,
            "type": "pie"
           }
          ],
          "scatter": [
           {
            "fillpattern": {
             "fillmode": "overlay",
             "size": 10,
             "solidity": 0.2
            },
            "type": "scatter"
           }
          ],
          "scatter3d": [
           {
            "line": {
             "colorbar": {
              "outlinewidth": 0,
              "ticks": ""
             }
            },
            "marker": {
             "colorbar": {
              "outlinewidth": 0,
              "ticks": ""
             }
            },
            "type": "scatter3d"
           }
          ],
          "scattercarpet": [
           {
            "marker": {
             "colorbar": {
              "outlinewidth": 0,
              "ticks": ""
             }
            },
            "type": "scattercarpet"
           }
          ],
          "scattergeo": [
           {
            "marker": {
             "colorbar": {
              "outlinewidth": 0,
              "ticks": ""
             }
            },
            "type": "scattergeo"
           }
          ],
          "scattergl": [
           {
            "marker": {
             "colorbar": {
              "outlinewidth": 0,
              "ticks": ""
             }
            },
            "type": "scattergl"
           }
          ],
          "scattermapbox": [
           {
            "marker": {
             "colorbar": {
              "outlinewidth": 0,
              "ticks": ""
             }
            },
            "type": "scattermapbox"
           }
          ],
          "scatterpolar": [
           {
            "marker": {
             "colorbar": {
              "outlinewidth": 0,
              "ticks": ""
             }
            },
            "type": "scatterpolar"
           }
          ],
          "scatterpolargl": [
           {
            "marker": {
             "colorbar": {
              "outlinewidth": 0,
              "ticks": ""
             }
            },
            "type": "scatterpolargl"
           }
          ],
          "scatterternary": [
           {
            "marker": {
             "colorbar": {
              "outlinewidth": 0,
              "ticks": ""
             }
            },
            "type": "scatterternary"
           }
          ],
          "surface": [
           {
            "colorbar": {
             "outlinewidth": 0,
             "ticks": ""
            },
            "colorscale": [
             [
              0,
              "#0d0887"
             ],
             [
              0.1111111111111111,
              "#46039f"
             ],
             [
              0.2222222222222222,
              "#7201a8"
             ],
             [
              0.3333333333333333,
              "#9c179e"
             ],
             [
              0.4444444444444444,
              "#bd3786"
             ],
             [
              0.5555555555555556,
              "#d8576b"
             ],
             [
              0.6666666666666666,
              "#ed7953"
             ],
             [
              0.7777777777777778,
              "#fb9f3a"
             ],
             [
              0.8888888888888888,
              "#fdca26"
             ],
             [
              1,
              "#f0f921"
             ]
            ],
            "type": "surface"
           }
          ],
          "table": [
           {
            "cells": {
             "fill": {
              "color": "#EBF0F8"
             },
             "line": {
              "color": "white"
             }
            },
            "header": {
             "fill": {
              "color": "#C8D4E3"
             },
             "line": {
              "color": "white"
             }
            },
            "type": "table"
           }
          ]
         },
         "layout": {
          "annotationdefaults": {
           "arrowcolor": "#2a3f5f",
           "arrowhead": 0,
           "arrowwidth": 1
          },
          "autotypenumbers": "strict",
          "coloraxis": {
           "colorbar": {
            "outlinewidth": 0,
            "ticks": ""
           }
          },
          "colorscale": {
           "diverging": [
            [
             0,
             "#8e0152"
            ],
            [
             0.1,
             "#c51b7d"
            ],
            [
             0.2,
             "#de77ae"
            ],
            [
             0.3,
             "#f1b6da"
            ],
            [
             0.4,
             "#fde0ef"
            ],
            [
             0.5,
             "#f7f7f7"
            ],
            [
             0.6,
             "#e6f5d0"
            ],
            [
             0.7,
             "#b8e186"
            ],
            [
             0.8,
             "#7fbc41"
            ],
            [
             0.9,
             "#4d9221"
            ],
            [
             1,
             "#276419"
            ]
           ],
           "sequential": [
            [
             0,
             "#0d0887"
            ],
            [
             0.1111111111111111,
             "#46039f"
            ],
            [
             0.2222222222222222,
             "#7201a8"
            ],
            [
             0.3333333333333333,
             "#9c179e"
            ],
            [
             0.4444444444444444,
             "#bd3786"
            ],
            [
             0.5555555555555556,
             "#d8576b"
            ],
            [
             0.6666666666666666,
             "#ed7953"
            ],
            [
             0.7777777777777778,
             "#fb9f3a"
            ],
            [
             0.8888888888888888,
             "#fdca26"
            ],
            [
             1,
             "#f0f921"
            ]
           ],
           "sequentialminus": [
            [
             0,
             "#0d0887"
            ],
            [
             0.1111111111111111,
             "#46039f"
            ],
            [
             0.2222222222222222,
             "#7201a8"
            ],
            [
             0.3333333333333333,
             "#9c179e"
            ],
            [
             0.4444444444444444,
             "#bd3786"
            ],
            [
             0.5555555555555556,
             "#d8576b"
            ],
            [
             0.6666666666666666,
             "#ed7953"
            ],
            [
             0.7777777777777778,
             "#fb9f3a"
            ],
            [
             0.8888888888888888,
             "#fdca26"
            ],
            [
             1,
             "#f0f921"
            ]
           ]
          },
          "colorway": [
           "#636efa",
           "#EF553B",
           "#00cc96",
           "#ab63fa",
           "#FFA15A",
           "#19d3f3",
           "#FF6692",
           "#B6E880",
           "#FF97FF",
           "#FECB52"
          ],
          "font": {
           "color": "#2a3f5f"
          },
          "geo": {
           "bgcolor": "white",
           "lakecolor": "white",
           "landcolor": "#E5ECF6",
           "showlakes": true,
           "showland": true,
           "subunitcolor": "white"
          },
          "hoverlabel": {
           "align": "left"
          },
          "hovermode": "closest",
          "mapbox": {
           "style": "light"
          },
          "paper_bgcolor": "white",
          "plot_bgcolor": "#E5ECF6",
          "polar": {
           "angularaxis": {
            "gridcolor": "white",
            "linecolor": "white",
            "ticks": ""
           },
           "bgcolor": "#E5ECF6",
           "radialaxis": {
            "gridcolor": "white",
            "linecolor": "white",
            "ticks": ""
           }
          },
          "scene": {
           "xaxis": {
            "backgroundcolor": "#E5ECF6",
            "gridcolor": "white",
            "gridwidth": 2,
            "linecolor": "white",
            "showbackground": true,
            "ticks": "",
            "zerolinecolor": "white"
           },
           "yaxis": {
            "backgroundcolor": "#E5ECF6",
            "gridcolor": "white",
            "gridwidth": 2,
            "linecolor": "white",
            "showbackground": true,
            "ticks": "",
            "zerolinecolor": "white"
           },
           "zaxis": {
            "backgroundcolor": "#E5ECF6",
            "gridcolor": "white",
            "gridwidth": 2,
            "linecolor": "white",
            "showbackground": true,
            "ticks": "",
            "zerolinecolor": "white"
           }
          },
          "shapedefaults": {
           "line": {
            "color": "#2a3f5f"
           }
          },
          "ternary": {
           "aaxis": {
            "gridcolor": "white",
            "linecolor": "white",
            "ticks": ""
           },
           "baxis": {
            "gridcolor": "white",
            "linecolor": "white",
            "ticks": ""
           },
           "bgcolor": "#E5ECF6",
           "caxis": {
            "gridcolor": "white",
            "linecolor": "white",
            "ticks": ""
           }
          },
          "title": {
           "x": 0.05
          },
          "xaxis": {
           "automargin": true,
           "gridcolor": "white",
           "linecolor": "white",
           "ticks": "",
           "title": {
            "standoff": 15
           },
           "zerolinecolor": "white",
           "zerolinewidth": 2
          },
          "yaxis": {
           "automargin": true,
           "gridcolor": "white",
           "linecolor": "white",
           "ticks": "",
           "title": {
            "standoff": 15
           },
           "zerolinecolor": "white",
           "zerolinewidth": 2
          }
         }
        },
        "xaxis": {
         "anchor": "y",
         "constrain": "domain",
         "domain": [
          0,
          1
         ],
         "scaleanchor": "y"
        },
        "yaxis": {
         "anchor": "x",
         "autorange": "reversed",
         "constrain": "domain",
         "domain": [
          0,
          1
         ]
        }
       }
      }
     },
     "metadata": {},
     "output_type": "display_data"
    }
   ],
   "source": [
    "fig = px.imshow(train_df[['Married', 'Dependents',\n",
    "       'Education', 'Self_Employed', 'ApplicantIncome', 'CoapplicantIncome',\n",
    "       'LoanAmount', 'Loan_Amount_Term', 'Credit_History', 'Loan_Status',\n",
    "       'Gender_Female', 'Gender_Male', 'Gender_Other', 'Property_Area_Rural',\n",
    "       'Property_Area_Semiurban', 'Property_Area_Urban', 'hasCoapplicant']].corr(), text_auto=True, height=1500)\n",
    "fig.show()"
   ]
  },
  {
   "cell_type": "code",
   "execution_count": 74,
   "metadata": {},
   "outputs": [
    {
     "data": {
